49924414636588296058858996620317318483419356564587635516908866960374149804154100826146315403322403727538445797600234534306639515640863546798023257084124973589670619448646069941343283975972337877827561423061136209906012526318199521760984428440232503915678747751047887156489958673135661208168578410360015424001,3
80235236763295122507914665012337027581083693269960388166309407817471748649694799834756647386132701318106840026540992770465108668088052384793895276205028727040605823132901309577375026311003094431043151776382046699816078215095409945498834742970290869897827166424424539667964661082434668263809777732879925396191,3
60640439314829042549179953586392211157454442378071808529216621299183479382376376994822721900620142202076632631127154139740015296086973476710183357370144723870172943124127436807035784628609489358730998945624631788097240799604288419825146983997004244227765651352235348686218370855771813875334098927752426317059,3
98424878879190586714201531403769125335293724703941708996187529800383102368272429798594431257756664171190067063274202163137034392498364482519646334727260224668644731357683198305938782623691593662248839032684904357344644790373856322942492652379037956990062825429494544740309720926127446617473290629433223916631,3
117032118425157006527612649910869801180313616756345805919876790867273307837110616260337442972272948197224857139669777861760546943633090390644522084881489488015823162251567392568267475161305206363736474852105082077944474713286170482175598403886101953680822469261597908992944016236828977534374137834996026293287,3
78790847523633518163631920174266665126707606891879575274435288497800985441794970667419101599803987523913311918767578027674386226905880725412105152852846387075093243225012540096092211389927796142827665084439963850601961646416151735831032443380584956733007537718392329334619996822782250500978041479277509920011,3
88452303726602816650487339142608393926644996133518355029217642289722865114383259645818158217642577340305116976300098183798742788190076529814499784158494354127725675640264403351630734792024405431675850887862250781812474015282565337538842414392342612396563785323936881645609541821905087924852068957732902411477,3
108336212815530799884291354545506144516409985656223663124920834162566109764373922002613264738732323364496503498305723433986015306707531993947564718741794558644753182554661221015334348374399720038415901584839878340812956402326451903662018913354535817912960986974476113955476302360350617639136111553622350333937,3
69534480503021396902266163357633317715052664027972612955871101859338098568367359592750748214348322368808283588638545844126975267872814215042238558040489558271000138267148760039254786311037552199447893818925585768573388669740876283119664187178454473169842206578937478270535267127406006862600601629610772858093,3
55207723347133257504819893501263374210494588107385987006900211655595042880087758099020654379165321617453492556756031959287888702854490949256285093135598657756260453399503026845194501660144077756937924559949981747573903966588921893722900036736439622881907965615325031135647147440088349185377572923378234174699,3
